
set I:= 2	3	4 5 6	7 	8	9	10	11 12 13	14	15 16	17	18	19	20 21 22 
23 24 25 26 27 28 29 30 31;
set Nodos:= 1 2	3	4 5 6	7 	8	9	10	11 12 13	14	15 16	17	18	19	20 21 22
23 24 25 26 27 28 29 30 31;

set K:= 1 2 3;
set R:= A B C;
set T:= A B C;

param Q:=
1   55000
2   50000
3   40000
;

param P:=
A   10000
B   5000
C   8000
;


param alfa:=
A   1
B    .70
C    .30
;

param q:  A   B   C:=
1	0	0	0
2	2400	0	0
3	0	3400	0
4	0	0	1100
5	1500	0	0
6	0	1100	0
7	0	0	100
8	300	0	0
9	0	2900	0
10	0	0	600
11	2500	0	0
12	0	600	0
13	0	0	2500
14	200	0	0
15	0	2800	0
16	0	0	800
17	1000	0	0
18	0	1800	0
19	0	0	4500
20	3300	0	0
21	0	1700	0
22	0	0	900
23	1600	0	0
24	0	3500	0
25	0	0	500
26	6000	0	0
27	0	8000	0
28	0	0	3900
29	9500	0	0
30	0	9000	0
31	0	0	12300

;

param a:  A   B   C:=
1	0	0	0
2	1	0	0
3	0	1	0
4	0	0	1
5	1	0	0
6	0	1	0
7	0	0	1
8	1	0	0
9	0	1	0
10	0	0	1
11	1	0	0
12	0	1	0
13	0	0	1
14	1	0	0
15	0	1	0
16	0	0	1
17	1	0	0
18	0	1	0
19	0	0	1
20	1	0	0
21	0	1	0
22	0	0	1
23	1	0	0
24	0	1	0
25	0	0	1
26	1	0	0
27	0	1	0
28	0	0	1
29	1	0	0
30	0	1	0
31	0	0	1

;

param qu :=
1	0
2	2400
3	3400
4	1100
5	1500
6	1100
7	100
8	300
9	2900
10	600
11	2500
12	600
13	2500
14	200
15	2800
16	800
17	1000
18	1800
19	4500
20	3300
21	1700
22	900
23	1600
24	3500
25	500
26	6000
27	8000
28	3900
29	9500
30	9000
31	12300

;

set IT:=
(	2	,	A	)
(	3	,	B	)
(	4	,	C	)
(	5	,	A	)
(	6	,	B	)
(	7	,	C	)
(	8	,	A	)
(	9	,	B	)
(	10	,	C	)
(	11	,	A	)
(	12	,	B	)
(	13	,	C	)
(	14	,	A	)
(	15	,	B	)
(	16	,	C	)
(	17	,	A	)
(	18	,	B	)
(	19	,	C	)
(	20	,	A	)
(	21	,	B	)
(	22	,	C	)
(	23	,	A	)
(	24	,	B	)
(	25	,	C	)
(	26	,	A	)
(	27	,	B	)
(	28	,	C	)
(	29	,	A	)
(	30	,	B	)
(	31	,	C	)

;

param c[*,*,1]

:	1	2	3	4	5	6	7	8	9	10	11	12	13	14	15	16	17	18	19	20	21	22	23	24	25	26	27	28	29	30	31:=
1	.	41	38	80	80	97	92	96	78	98	87	95	77	93	91	98	96	40	73	82	55	52	76	76	76	72	98	98	93	89	68
2	41	.	3	54	54	64	59	56	39	59	52	58	38	55	52	58	59	5	34	48	16	16	46	44	50	33	58	58	66	55	32
3	38	3	.	56	56	67	62	59	41	62	50	61	41	58	53	61	62	5	37	46	19	17	49	46	53	34	61	61	68	58	33
4	80	54	56	.	3	19	13	16	54	20	47	15	30	15	25	19	17	60	46	44	54	68	8	11	4	53	33	32	14	10	64
5	80	54	56	3	.	16	10	14	54	17	46	12	29	12	22	16	14	61	46	44	54	68	9	11	4	54	30	29	12	9	64
6	97	64	67	19	16	.	7	11	53	12	46	8	34	10	24	10	8	71	50	45	58	77	19	20	20	57	27	26	23	8	67
7	92	59	62	13	10	7	.	10	57	13	42	8	32	14	19	10	8	65	46	42	55	72	15	15	14	55	30	29	18	5	66
8	96	56	59	16	14	11	10	.	48	4	35	45	25	3	12	4	4	63	39	33	48	69	18	15	18	47	21	20	22	7	57
9	78	39	41	54	54	53	57	48	.	39	12	45	24	47	30	42	44	40	8	9	22	36	44	42	50	6	27	28	65	48	22
10	98	59	62	20	17	12	13	4	39	.	33	6	21	7	9	3	5	66	39	31	45	65	22	19	21	45	15	15	25	10	55
11	87	52	50	47	46	46	42	35	12	33	.	39	18	39	24	36	38	49	12	4	30	46	40	36	43	15	18	20	54	39	38
12	95	58	61	15	12	8	8	45	45	6	39	.	28	3	15	4	2	65	43	36	53	71	16	18	17	49	19	18	20	5	63
13	77	38	41	30	29	34	32	25	24	21	18	28	.	26	14	24	26	40	16	18	24	44	20	18	25	22	19	19	41	29	34
14	93	55	58	15	12	10	14	3	47	7	39	3	26	.	14	6	4	62	41	36	51	68	17	14	16	49	21	20	20	5	60
15	91	52	53	25	22	24	19	12	30	9	24	15	14	14	.	12	14	54	28	21	38	57	24	18	28	34	8	7	32	18	47
16	98	58	61	19	16	10	10	4	42	3	36	4	24	6	12	.	2	65	42	34	48	67	20	20	20	46	17	16	24	9	58
17	96	59	62	17	14	8	8	4	44	5	38	2	26	4	14	2	.	66	44	35	50	69	18	18	19	48	19	18	22	7	60
18	40	5	5	60	61	71	65	63	40	66	49	65	40	62	54	65	66	.	36	45	18	14	52	47	57	34	60	60	72	62	32
19	73	34	37	46	46	50	46	39	8	39	12	43	16	41	28	42	44	36	.	9	22	36	37	35	41	6	26	26	57	44	26
20	82	48	46	44	44	45	42	33	9	31	4	36	18	36	21	34	35	45	9	.	31	45	35	33	40	15	18	19	54	39	33
21	55	16	19	54	54	58	55	48	22	45	30	53	24	51	38	48	50	18	22	31	.	21	45	39	50	16	44	44	61	51	21
22	52	16	17	68	68	77	72	69	36	65	46	71	44	68	57	67	69	14	36	45	21	.	59	57	64	30	61	61	79	69	18
23	76	46	49	8	9	19	15	18	44	22	40	16	20	17	24	20	18	52	37	35	45	59	.	6	34	34	20	15	66	10	42
24	76	44	46	11	11	20	15	15	42	19	36	18	18	14	18	20	18	47	35	33	39	57	6	.	28	5	47	28	26	12	53
25	76	50	53	4	4	20	14	18	50	21	43	17	25	16	28	20	19	57	41	40	50	64	34	28	.	50	35	34	15	11	60
26	72	33	34	53	54	57	55	47	6	45	15	49	22	49	34	46	48	34	6	15	16	30	34	5	50	.	32	34	64	52	18
27	98	58	61	33	30	27	30	21	27	15	18	19	19	21	8	17	19	60	26	18	44	61	20	47	35	32	.	3	39	24	51
28	98	58	61	32	29	26	29	20	28	15	20	18	19	20	7	16	18	60	26	19	44	61	15	28	34	34	3	.	39	23	52
29	93	66	68	14	12	23	18	22	65	25	54	20	41	20	32	24	22	72	57	54	61	79	66	26	15	64	39	39	.	15	76
30	89	55	58	10	9	8	5	7	48	10	39	5	29	5	18	9	7	62	44	39	51	69	10	12	11	52	24	23	15	.	6
31	68	32	33	64	64	67	66	57	22	55	38	63	34	60	47	58	60	32	26	33	21	18	42	53	60	18	51	52	76	6	.

[*,*,2]

:	1	2	3	4	5	6	7	8	9	10	11	12	13	14	15	16	17	18	19	20	21	22	23	24	25	26	27	28	29	30	31:=
1	.	41	38	80	80	97	92	96	78	98	87	95	77	93	91	98	96	40	73	82	55	52	76	76	76	72	98	98	93	89	68
2	41	.	3	54	54	64	59	56	39	59	52	58	38	55	52	58	59	5	34	48	16	16	46	44	50	33	58	58	66	55	32
3	38	3	.	56	56	67	62	59	41	62	50	61	41	58	53	61	62	5	37	46	19	17	49	46	53	34	61	61	68	58	33
4	80	54	56	.	3	19	13	16	54	20	47	15	30	15	25	19	17	60	46	44	54	68	8	11	4	53	33	32	14	10	64
5	80	54	56	3	.	16	10	14	54	17	46	12	29	12	22	16	14	61	46	44	54	68	9	11	4	54	30	29	12	9	64
6	97	64	67	19	16	.	7	11	53	12	46	8	34	10	24	10	8	71	50	45	58	77	19	20	20	57	27	26	23	8	67
7	92	59	62	13	10	7	.	10	57	13	42	8	32	14	19	10	8	65	46	42	55	72	15	15	14	55	30	29	18	5	66
8	96	56	59	16	14	11	10	.	48	4	35	45	25	3	12	4	4	63	39	33	48	69	18	15	18	47	21	20	22	7	57
9	78	39	41	54	54	53	57	48	.	39	12	45	24	47	30	42	44	40	8	9	22	36	44	42	50	6	27	28	65	48	22
10	98	59	62	20	17	12	13	4	39	.	33	6	21	7	9	3	5	66	39	31	45	65	22	19	21	45	15	15	25	10	55
11	87	52	50	47	46	46	42	35	12	33	.	39	18	39	24	36	38	49	12	4	30	46	40	36	43	15	18	20	54	39	38
12	95	58	61	15	12	8	8	45	45	6	39	.	28	3	15	4	2	65	43	36	53	71	16	18	17	49	19	18	20	5	63
13	77	38	41	30	29	34	32	25	24	21	18	28	.	26	14	24	26	40	16	18	24	44	20	18	25	22	19	19	41	29	34
14	93	55	58	15	12	10	14	3	47	7	39	3	26	.	14	6	4	62	41	36	51	68	17	14	16	49	21	20	20	5	60
15	91	52	53	25	22	24	19	12	30	9	24	15	14	14	.	12	14	54	28	21	38	57	24	18	28	34	8	7	32	18	47
16	98	58	61	19	16	10	10	4	42	3	36	4	24	6	12	.	2	65	42	34	48	67	20	20	20	46	17	16	24	9	58
17	96	59	62	17	14	8	8	4	44	5	38	2	26	4	14	2	.	66	44	35	50	69	18	18	19	48	19	18	22	7	60
18	40	5	5	60	61	71	65	63	40	66	49	65	40	62	54	65	66	.	36	45	18	14	52	47	57	34	60	60	72	62	32
19	73	34	37	46	46	50	46	39	8	39	12	43	16	41	28	42	44	36	.	9	22	36	37	35	41	6	26	26	57	44	26
20	82	48	46	44	44	45	42	33	9	31	4	36	18	36	21	34	35	45	9	.	31	45	35	33	40	15	18	19	54	39	33
21	55	16	19	54	54	58	55	48	22	45	30	53	24	51	38	48	50	18	22	31	.	21	45	39	50	16	44	44	61	51	21
22	52	16	17	68	68	77	72	69	36	65	46	71	44	68	57	67	69	14	36	45	21	.	59	57	64	30	61	61	79	69	18
23	76	46	49	8	9	19	15	18	44	22	40	16	20	17	24	20	18	52	37	35	45	59	.	6	34	34	20	15	66	10	42
24	76	44	46	11	11	20	15	15	42	19	36	18	18	14	18	20	18	47	35	33	39	57	6	.	28	5	47	28	26	12	53
25	76	50	53	4	4	20	14	18	50	21	43	17	25	16	28	20	19	57	41	40	50	64	34	28	.	50	35	34	15	11	60
26	72	33	34	53	54	57	55	47	6	45	15	49	22	49	34	46	48	34	6	15	16	30	34	5	50	.	32	34	64	52	18
27	98	58	61	33	30	27	30	21	27	15	18	19	19	21	8	17	19	60	26	18	44	61	20	47	35	32	.	3	39	24	51
28	98	58	61	32	29	26	29	20	28	15	20	18	19	20	7	16	18	60	26	19	44	61	15	28	34	34	3	.	39	23	52
29	93	66	68	14	12	23	18	22	65	25	54	20	41	20	32	24	22	72	57	54	61	79	66	26	15	64	39	39	.	15	76
30	89	55	58	10	9	8	5	7	48	10	39	5	29	5	18	9	7	62	44	39	51	69	10	12	11	52	24	23	15	.	6
31	68	32	33	64	64	67	66	57	22	55	38	63	34	60	47	58	60	32	26	33	21	18	42	53	60	18	51	52	76	6	.

[*,*,3]

:	1	2	3	4	5	6	7	8	9	10	11	12	13	14	15	16	17	18	19	20	21	22	23	24	25	26	27	28	29	30	31:=
1	.	41	38	80	80	97	92	96	78	98	87	95	77	93	91	98	96	40	73	82	55	52	76	76	76	72	98	98	93	89	68
2	41	.	3	54	54	64	59	56	39	59	52	58	38	55	52	58	59	5	34	48	16	16	46	44	50	33	58	58	66	55	32
3	38	3	.	56	56	67	62	59	41	62	50	61	41	58	53	61	62	5	37	46	19	17	49	46	53	34	61	61	68	58	33
4	80	54	56	.	3	19	13	16	54	20	47	15	30	15	25	19	17	60	46	44	54	68	8	11	4	53	33	32	14	10	64
5	80	54	56	3	.	16	10	14	54	17	46	12	29	12	22	16	14	61	46	44	54	68	9	11	4	54	30	29	12	9	64
6	97	64	67	19	16	.	7	11	53	12	46	8	34	10	24	10	8	71	50	45	58	77	19	20	20	57	27	26	23	8	67
7	92	59	62	13	10	7	.	10	57	13	42	8	32	14	19	10	8	65	46	42	55	72	15	15	14	55	30	29	18	5	66
8	96	56	59	16	14	11	10	.	48	4	35	45	25	3	12	4	4	63	39	33	48	69	18	15	18	47	21	20	22	7	57
9	78	39	41	54	54	53	57	48	.	39	12	45	24	47	30	42	44	40	8	9	22	36	44	42	50	6	27	28	65	48	22
10	98	59	62	20	17	12	13	4	39	.	33	6	21	7	9	3	5	66	39	31	45	65	22	19	21	45	15	15	25	10	55
11	87	52	50	47	46	46	42	35	12	33	.	39	18	39	24	36	38	49	12	4	30	46	40	36	43	15	18	20	54	39	38
12	95	58	61	15	12	8	8	45	45	6	39	.	28	3	15	4	2	65	43	36	53	71	16	18	17	49	19	18	20	5	63
13	77	38	41	30	29	34	32	25	24	21	18	28	.	26	14	24	26	40	16	18	24	44	20	18	25	22	19	19	41	29	34
14	93	55	58	15	12	10	14	3	47	7	39	3	26	.	14	6	4	62	41	36	51	68	17	14	16	49	21	20	20	5	60
15	91	52	53	25	22	24	19	12	30	9	24	15	14	14	.	12	14	54	28	21	38	57	24	18	28	34	8	7	32	18	47
16	98	58	61	19	16	10	10	4	42	3	36	4	24	6	12	.	2	65	42	34	48	67	20	20	20	46	17	16	24	9	58
17	96	59	62	17	14	8	8	4	44	5	38	2	26	4	14	2	.	66	44	35	50	69	18	18	19	48	19	18	22	7	60
18	40	5	5	60	61	71	65	63	40	66	49	65	40	62	54	65	66	.	36	45	18	14	52	47	57	34	60	60	72	62	32
19	73	34	37	46	46	50	46	39	8	39	12	43	16	41	28	42	44	36	.	9	22	36	37	35	41	6	26	26	57	44	26
20	82	48	46	44	44	45	42	33	9	31	4	36	18	36	21	34	35	45	9	.	31	45	35	33	40	15	18	19	54	39	33
21	55	16	19	54	54	58	55	48	22	45	30	53	24	51	38	48	50	18	22	31	.	21	45	39	50	16	44	44	61	51	21
22	52	16	17	68	68	77	72	69	36	65	46	71	44	68	57	67	69	14	36	45	21	.	59	57	64	30	61	61	79	69	18
23	76	46	49	8	9	19	15	18	44	22	40	16	20	17	24	20	18	52	37	35	45	59	.	6	34	34	20	15	66	10	42
24	76	44	46	11	11	20	15	15	42	19	36	18	18	14	18	20	18	47	35	33	39	57	6	.	28	5	47	28	26	12	53
25	76	50	53	4	4	20	14	18	50	21	43	17	25	16	28	20	19	57	41	40	50	64	34	28	.	50	35	34	15	11	60
26	72	33	34	53	54	57	55	47	6	45	15	49	22	49	34	46	48	34	6	15	16	30	34	5	50	.	32	34	64	52	18
27	98	58	61	33	30	27	30	21	27	15	18	19	19	21	8	17	19	60	26	18	44	61	20	47	35	32	.	3	39	24	51
28	98	58	61	32	29	26	29	20	28	15	20	18	19	20	7	16	18	60	26	19	44	61	15	28	34	34	3	.	39	23	52
29	93	66	68	14	12	23	18	22	65	25	54	20	41	20	32	24	22	72	57	54	61	79	66	26	15	64	39	39	.	15	76
30	89	55	58	10	9	8	5	7	48	10	39	5	29	5	18	9	7	62	44	39	51	69	10	12	11	52	24	23	15	.	6
31	68	32	33	64	64	67	66	57	22	55	38	63	34	60	47	58	60	32	26	33	21	18	42	53	60	18	51	52	76	6	.

;